familia,especie,x,y,temperatura_promedio_anual,precipitacion_promedio_anual
Myrtaceae,Eugenia oerstediana,-79.7,-1.2666667,25.09166669845581,139
Myrtaceae,Eugenia oerstediana,-87.4577778,15.7111111,25.766666412353516,159.58333333333334
Myrtaceae,Eugenia oerstediana,-90.20722,14.25611,23.450000127156574,142.58333333333334
Myrtaceae,Eugenia oerstediana,-90.81083,14.44916,20.950000127156574,165.16666666666666
Myrtaceae,Eugenia oerstediana,-90.81805,14.445,20.62500015894572,160
Myrtaceae,Eugenia oerstediana,-90.73777,14.28583,26.466666380564373,242.5
Myrtaceae,Eugenia oerstediana,-90.71027,14.24222,26.5583332379659,236
Myrtaceae,Eugenia oerstediana,-87.4577778,15.7111111,25.766666412353516,159.58333333333334
Myrtaceae,Eugenia oerstediana,-89.6922222,14.0897222,23.799999872843426,125.41666666666667
Myrtaceae,Eugenia oerstediana,-79.0280556,-4.6519444,21.766666730244953,105.5
Myrtaceae,Eugenia oerstediana,-79.74438574,9.15660996,26.416666507720947,215.41666666666666
Myrtaceae,Eugenia oerstediana,-79.71263434,9.14681696,25.983333110809326,218.33333333333334
Myrtaceae,Eugenia oerstediana,-79.86121916,9.15829246,26.208333492279053,206.91666666666666
Myrtaceae,Eugenia oerstediana,-79.74438574,9.15660996,26.416666507720947,215.41666666666666
Myrtaceae,Eugenia oerstediana,-79.71263434,9.14681696,25.983333110809326,218.33333333333334
Myrtaceae,Eugenia oerstediana,-89.65,13.6833333,24.94166628519694,148.75
Myrtaceae,Eugenia oerstediana,-89.65,13.6833333,24.94166628519694,148.75
Myrtaceae,Eugenia oerstediana,-79.75361,9.12166,26.550000031789143,208.5
Myrtaceae,Eugenia oerstediana,-79.56222,8.94555,27.049999554951984,197.08333333333334
Myrtaceae,Eugenia oerstediana,-79.56222,8.94555,27.049999554951984,197.08333333333334
Myrtaceae,Eugenia oerstediana,-90.28472,14.38166,22.81666660308838,133.08333333333334
Myrtaceae,Eugenia oerstediana,-90.28472,14.38166,22.81666660308838,133.08333333333334
Myrtaceae,Eugenia oerstediana,-83.4683334,8.9663889,26.4333332379659,284.25
Myrtaceae,Eugenia oerstediana,-89.4833333,13.5,NA,NA
Myrtaceae,Eugenia oerstediana,-89.4833333,13.5,NA,NA
Myrtaceae,Eugenia oerstediana,-89.28444,15.56,26.18333339691162,232.83333333333334
Myrtaceae,Eugenia oerstediana,-75.5667,-10.1833,22.00833336512248,137.83333333333334
Myrtaceae,Eugenia oerstediana,-93.069722,16.819444,21.30833355585734,91.25
Myrtaceae,Eugenia oerstediana,-89.2975,15.91444,25.916666507720947,280.0833333333333
Myrtaceae,Eugenia oerstediana,-89.41388,16.50138,23.758333683013916,241.25
Myrtaceae,Eugenia oerstediana,-104.9536111,21.9577778,25.925000190734863,115.08333333333333
Myrtaceae,Eugenia oerstediana,-88.885,17.958333,25.175000031789143,119.33333333333333
Myrtaceae,Eugenia oerstediana,-96.447222,19.554167,23.5666667620341,106.66666666666667
Myrtaceae,Eugenia oerstediana,-90.527222,19.8,26.516666571299236,98
Myrtaceae,Eugenia oerstediana,-89.822222,18.088889000000002,25.46666669845581,103.5
Myrtaceae,Eugenia oerstediana,-85.3666667,12.825,23.90833330154419,148.91666666666666
Myrtaceae,Eugenia oerstediana,-93.091111,16.793056,23.53333330154419,95
Myrtaceae,Eugenia oerstediana,-102.940792,20.718286,19.333333174387615,72.25
Myrtaceae,Eugenia oerstediana,-96.170561,17.946669,25.675000190734863,259.1666666666667
Myrtaceae,Eugenia oerstediana,-96.855,19.218056,20.75833336512248,117
Myrtaceae,Eugenia oerstediana,-98.894439,21.634719,24.34166653951009,140.75
Myrtaceae,Eugenia oerstediana,-95.067222,18.568889,25.316666920979817,203.58333333333334
Myrtaceae,Eugenia oerstediana,-91.290831,16.990281,25.30833355585734,219.33333333333334
Myrtaceae,Eugenia oerstediana,-79.617,-0.9,24.891666412353516,166.58333333333334
Myrtaceae,Eugenia oerstediana,-89.095,16.266,24.200000127156574,273.75
Myrtaceae,Eugenia oerstediana,-84.8,10.3,18.574999968210857,210.08333333333334
Myrtaceae,Eugenia oerstediana,-83.65305,9.89166,23.041666507720947,276.0833333333333
Myrtaceae,Eugenia oerstediana,-84.57669,9.80775,26.358333428700764,178.66666666666666
Myrtaceae,Eugenia oerstediana,-84.7,10.18,20.199999809265137,189.25
Myrtaceae,Eugenia oerstediana,-89.23027,15.90388,25.858333110809326,278.75
Myrtaceae,Eugenia oerstediana,-89.09166,15.73888,25.708333333333332,257.0833333333333
Myrtaceae,Eugenia oerstediana,-79.84361,9.17805,26.53333314259847,205.08333333333334
Myrtaceae,Eugenia oerstediana,-89.35083,16.08111,24.583333492279053,289.4166666666667
Myrtaceae,Eugenia oerstediana,-89.2975,15.91444,25.916666507720947,280.0833333333333
Myrtaceae,Eugenia oerstediana,-89.35083,16.08111,24.583333492279053,289.4166666666667
Myrtaceae,Eugenia oerstediana,-89.23027,15.90388,25.858333110809326,278.75
Myrtaceae,Eugenia oerstediana,-89.35083,16.08111,24.583333492279053,289.4166666666667
Myrtaceae,Eugenia oerstediana,-86.849624,20.487736,26.35000006357829,120.33333333333333
Myrtaceae,Eugenia oerstediana,-104.784444,19.7625,23.641666571299236,114.58333333333333
Myrtaceae,Eugenia oerstediana,-98.975,21.608333,24.43333355585734,146.75
Myrtaceae,Eugenia oerstediana,-104.846389,20.188889,22.425000190734863,113.33333333333333
Myrtaceae,Eugenia oerstediana,-97.095556,16.06,22.391666571299236,130.25
Myrtaceae,Eugenia oerstediana,-99.165833,21.6675,22.658332983652752,115.16666666666667
Myrtaceae,Eugenia oerstediana,-89.278611,15.965278,25.666666666666668,284.25
Myrtaceae,Eugenia oerstediana,-89.252778,15.969444,25.708333333333332,284.5833333333333
Myrtaceae,Eugenia oerstediana,-89.250833,15.951389,25.90833314259847,281.1666666666667
Myrtaceae,Eugenia oerstediana,-89.208333,15.799722,25.733333110809326,268.3333333333333
Myrtaceae,Eugenia oerstediana,-90.344722,14.6575,18.12500015894572,113.16666666666667
Myrtaceae,Eugenia oerstediana,-89.333889,16.128611,24.324999968210857,286.0833333333333
Myrtaceae,Eugenia oerstediana,-89.286389,15.993611,25.016666889190674,287.4166666666667
Myrtaceae,Eugenia oerstediana,-96.434444,19.333889,25.166666666666668,89.83333333333333
Myrtaceae,Eugenia oerstediana,-89.1225,14.863333,23.674999713897705,123
Myrtaceae,Eugenia oerstediana,-95.166667,18.466667,23.633333047231037,179.5
Myrtaceae,Eugenia oerstediana,-93.420556,17.880278,26.108333428700764,182.5
Myrtaceae,Eugenia oerstediana,-86.891667,20.459167,26.34166669845581,120.75
Myrtaceae,Eugenia oerstediana,-96.6125,19.237222,24.3083332379659,92.75
Myrtaceae,Eugenia oerstediana,-95.257778,18.573056,22.833333174387615,201.16666666666666
Myrtaceae,Eugenia oerstediana,-102,23,17.06666660308838,30.666666666666668
Myrtaceae,Eugenia oerstediana,-98.38333,21.2,23.883333524068195,131.58333333333334
Myrtaceae,Eugenia oerstediana,-96.71666,19.83333,22.299999872843426,139.83333333333334
Myrtaceae,Eugenia oerstediana,-96.7,19.85,23.03333314259847,135.58333333333334
Myrtaceae,Eugenia oerstediana,-93.15,16.42,23.258333206176758,87.25
Myrtaceae,Eugenia oerstediana,-90.53388,14.58916,19.583333174387615,104.58333333333333
Myrtaceae,Eugenia oerstediana,-84.8978,12.8614,24.808332920074463,191.83333333333334
Myrtaceae,Eugenia oerstediana,-84.2686111,10.0297223,22.449999809265137,202.41666666666666
Myrtaceae,Eugenia oerstediana,-52.8731,-10.8339,25.53333346048991,172.25
Myrtaceae,Eugenia oerstediana,-84.26861,10.02972,22.449999809265137,202.41666666666666
Myrtaceae,Eugenia oerstediana,-90.53388,14.58916,19.583333174387615,104.58333333333333
Myrtaceae,Eugenia oerstediana,-90.81083,14.44916,20.950000127156574,165.16666666666666
Myrtaceae,Eugenia oerstediana,-89.04,15.27027,26.450000127156574,173.91666666666666
Myrtaceae,Eugenia oerstediana,-91.5472222,14.6822223,21.3166667620341,327.1666666666667
Myrtaceae,Eugenia oerstediana,-91.54722,14.68222,21.3166667620341,327.1666666666667
Myrtaceae,Eugenia oerstediana,-91.5472,14.6822,21.3166667620341,327.1666666666667
Myrtaceae,Eugenia oerstediana,-90.20722,14.25611,23.450000127156574,142.58333333333334
Myrtaceae,Eugenia oerstediana,-91.91222,14.29277,27.90000009536743,102.75
Myrtaceae,Eugenia oerstediana,-90.8155556,14.3875,23.766666730244953,261.5833333333333
Myrtaceae,Eugenia oerstediana,-90.81083,14.44916,20.950000127156574,165.16666666666666
Myrtaceae,Eugenia oerstediana,-91.2639,15.7981,22.25833336512248,306.6666666666667
Myrtaceae,Eugenia oerstediana,-91.26388,15.79805,22.25833336512248,306.6666666666667
Myrtaceae,Eugenia oerstediana,-91.22722,14.53416,21.90000009536743,304.5833333333333
Myrtaceae,Eugenia oerstediana,-93.15,16.42,23.258333206176758,87.25
Myrtaceae,Eugenia oerstediana,-89.845,13.92138,23.13333336512248,143.75
Myrtaceae,Eugenia oerstediana,-85.78333,13.01666,23.28333346048991,129.66666666666666
Myrtaceae,Eugenia oerstediana,-85.17,10.34,27.31666660308838,156.75
Myrtaceae,Eugenia oerstediana,-85.17,10.34,27.31666660308838,156.75
Myrtaceae,Eugenia oerstediana,-100.4283334,18.8211111,22.34166685740153,108.75
Myrtaceae,Eugenia oerstediana,-90.83305,14.46,19.03333330154419,128.16666666666666
Myrtaceae,Eugenia oerstediana,-89.2844444,15.56,26.18333339691162,232.83333333333334
Myrtaceae,Eugenia oerstediana,-89.28444,15.56,26.18333339691162,232.83333333333334
Myrtaceae,Eugenia oerstediana,-96.6667,19.3333,23.87499984105428,93.66666666666667
Myrtaceae,Eugenia oerstediana,-96.6667,19.3333,23.87499984105428,93.66666666666667
Myrtaceae,Eugenia oerstediana,-78.83111,9.15833,26.391666412353516,171.66666666666666
Myrtaceae,Eugenia oerstediana,-98.38333,21.2,23.883333524068195,131.58333333333334
Myrtaceae,Eugenia oerstediana,-93.7127778,16.71,25.050000349680584,86.91666666666667
Myrtaceae,Eugenia oerstediana,-85.25,10.5,27.266666571299236,168.83333333333334
Myrtaceae,Eugenia oerstediana,-99.220555,21.655,24.483333428700764,141.41666666666666
Myrtaceae,Eugenia oerstediana,-101.525,17.7,25.89999993642171,97
Myrtaceae,Eugenia oerstediana,-94.109167,17.091389,25.500000317891438,231.25
Myrtaceae,Eugenia oerstediana,-98.632222,21.022778,19.47499990463257,171.75
Myrtaceae,Eugenia oerstediana,-88.78333,17.21666,25.3083332379659,154.75
Myrtaceae,Eugenia oerstediana,-90.11472,16.78805,25.758333524068195,188
Myrtaceae,Eugenia oerstediana,-88.5,17.1833334,25.491666316986084,172.83333333333334
Myrtaceae,Eugenia oerstediana,-89.44166,16.42388,23.616666475931805,257.75
Myrtaceae,Eugenia oerstediana,-90.13638,16.75222,25.78333346048991,194.75
Myrtaceae,Eugenia oerstediana,-93.15,16.42,23.258333206176758,87.25
Myrtaceae,Eugenia oerstediana,-93.15,16.42,23.258333206176758,87.25
Myrtaceae,Eugenia oerstediana,-92.68,16.11,25.175000031789143,124.33333333333333
Myrtaceae,Eugenia oerstediana,-88.61666,17.41666,25.62499984105428,158.25
Myrtaceae,Eugenia oerstediana,-90.11472,16.78805,25.758333524068195,188
Myrtaceae,Eugenia oerstediana,-89.93416,16.8,25.366666793823242,175.08333333333334
Myrtaceae,Eugenia oerstediana,-90.99194,14.45888,21.891666730244953,232
Myrtaceae,Eugenia oerstediana,-90.8036111,14.3261111,25.366666793823242,235.91666666666666
Myrtaceae,Eugenia oerstediana,-90.80361,14.32611,25.366666793823242,235.91666666666666
Myrtaceae,Eugenia oerstediana,-92.68,16.11,25.175000031789143,124.33333333333333
Myrtaceae,Eugenia oerstediana,-89.41388,16.50138,23.758333683013916,241.25
Myrtaceae,Eugenia oerstediana,-90.84472,14.33,24.166666507720947,271.25
Myrtaceae,Eugenia oerstediana,-99.22,22,24.258333206176758,135.5
Myrtaceae,Eugenia oerstediana,-90.8155556,14.3875,23.766666730244953,261.5833333333333
Myrtaceae,Eugenia oerstediana,-94.61666,17.26666,25.291666666666668,303.8333333333333
Myrtaceae,Eugenia oerstediana,-78.6666667,-4.3333333,23.516666730244953,146
Myrtaceae,Eugenia oerstediana,-81.8333334,-2.1666667,NA,NA
Myrtaceae,Eugenia oerstediana,-90.8036111,14.3261111,25.366666793823242,235.91666666666666
Myrtaceae,Eugenia oerstediana,-90.80361,14.32611,25.366666793823242,235.91666666666666
Myrtaceae,Eugenia oerstediana,-85.12,10.46,27.22499990463257,164.41666666666666
Myrtaceae,Eugenia oerstediana,-90.29166,14.27777,22.916666507720947,153.58333333333334
Myrtaceae,Eugenia oerstediana,-97.69,21.75,NA,NA
Myrtaceae,Eugenia oerstediana,-79.41666,9.16666,23.425000190734863,220.58333333333334
Myrtaceae,Eugenia oerstediana,-79.41666,9.16666,23.425000190734863,220.58333333333334
Myrtaceae,Eugenia oerstediana,-87.85,14.5833333,20.86666663487752,112.5
Myrtaceae,Eugenia oerstediana,-79.6,9.1,25.958333174387615,207.91666666666666
Myrtaceae,Eugenia oerstediana,-89.04,15.27027,26.450000127156574,173.91666666666666
Myrtaceae,Eugenia oerstediana,-89.04,15.2702778,26.450000127156574,173.91666666666666
Myrtaceae,Eugenia oerstediana,-93.07,16.81944,21.30833355585734,91.25
Myrtaceae,Eugenia oerstediana,-85.6833333,13.3666667,23.71666653951009,149.33333333333334
Myrtaceae,Eugenia oerstediana,-84.35111,11.12083,25.78333330154419,261
Myrtaceae,Eugenia oerstediana,-84.34888,11.06638,25.77499993642171,258
Myrtaceae,Eugenia oerstediana,-84.33333,10.96666,25.708333333333332,263.75
Myrtaceae,Eugenia oerstediana,-84.30083,11.11083,25.483333269755047,258
Myrtaceae,Eugenia oerstediana,-84.2377777,11.2394444,24.40833330154419,280.4166666666667
Myrtaceae,Eugenia oerstediana,-83.85,11.06666,26.183333079020183,308.25
Myrtaceae,Eugenia oerstediana,-85.68333,13.36666,23.150000254313152,147.08333333333334
Myrtaceae,Eugenia oerstediana,-84.30083,11.11083,25.483333269755047,258
Myrtaceae,Eugenia oerstediana,-84.35111,11.12083,25.78333330154419,261
Myrtaceae,Eugenia oerstediana,-84.34888,11.06638,25.77499993642171,258
Myrtaceae,Eugenia oerstediana,-84.33333,10.96666,25.708333333333332,263.75
Myrtaceae,Eugenia oerstediana,-85.83166,12.99194,22.558333079020183,134.41666666666666
Myrtaceae,Eugenia oerstediana,-85.38,12.275,25.041666507720947,133.83333333333334
Myrtaceae,Eugenia oerstediana,-85.09194,12.255,23.25,164.75
Myrtaceae,Eugenia oerstediana,-84.7352777,12.5586111,25.03333346048991,196.16666666666666
Myrtaceae,Eugenia oerstediana,-89,15.25,26.09166685740153,166.41666666666666
Myrtaceae,Eugenia oerstediana,-86.868056,20.534722,26.416666666666668,119.58333333333333
Myrtaceae,Eugenia oerstediana,-84.58056,9.80556,26.358333428700764,178.66666666666666
Myrtaceae,Eugenia oerstediana,-93.706944,16.311389,19.61666663487752,87.16666666666667
Myrtaceae,Eugenia oerstediana,-93.62,16.137222,21.99999984105428,89.75
Myrtaceae,Eugenia oerstediana,-93.540556,16.304444,23.508333206176758,82.91666666666667
Myrtaceae,Eugenia oerstediana,-93.532222,16.276389000000002,21.675000190734863,87.16666666666667
Myrtaceae,Eugenia oerstediana,-93.970833,16.383333,23.27500009536743,56.083333333333336
Myrtaceae,Eugenia oerstediana,-99.141667,23.158333,23.39999993642171,104.25
Myrtaceae,Eugenia oerstediana,-91.290833,16.990278,25.30833355585734,219.33333333333334
Myrtaceae,Eugenia oerstediana,-93.1,16.726944,24.641666730244953,90.5
Myrtaceae,Eugenia oerstediana,-83.58,8.46,25.71666653951009,305.5833333333333
Myrtaceae,Eugenia oerstediana,-83.58,8.46,25.71666653951009,305.5833333333333
Myrtaceae,Eugenia oerstediana,-83.591667,8.5,26.216666380564373,319
Myrtaceae,Eugenia oerstediana,-83.283333,8.466667,26.483333269755047,326.8333333333333
Myrtaceae,Eugenia oerstediana,-85.427778,10.990556,22.574999968210857,249.33333333333334
Myrtaceae,Eugenia oerstediana,-84.580556,9.805556,26.358333428700764,178.66666666666666
Myrtaceae,Eugenia oerstediana,-85.268889,10.786667,21.52499993642171,271.9166666666667
Myrtaceae,Eugenia oerstediana,-84.800004,10.3,18.699999968210857,200.83333333333334
Myrtaceae,Eugenia oerstediana,-84.800002,10.3,18.699999968210857,200.83333333333334
Myrtaceae,Eugenia oerstediana,-85.411111,10.347222,27.291666507720947,158.75
Myrtaceae,Eugenia oerstediana,-84.702778,10.180556,20.833333333333332,183.75
Myrtaceae,Eugenia oerstediana,-84.608333,10.025,25.324999968210857,197.66666666666666
Myrtaceae,Eugenia oerstediana,-83.595012,8.481076,26.258333206176758,305.3333333333333
Myrtaceae,Eugenia oerstediana,-83.014528,9.031184,19.27499993642171,273.5833333333333
Myrtaceae,Eugenia oerstediana,-82.755556,8.897222,17.358333110809326,249.08333333333334
Myrtaceae,Eugenia oerstediana,-83.036389,9.059444,19.233333110809326,283.0833333333333
Myrtaceae,Eugenia oerstediana,-85.466227,10.93059,19.958333174387615,198.58333333333334
Myrtaceae,Eugenia oerstediana,-85.612196,10.922182,25.799999713897705,139.33333333333334
Myrtaceae,Eugenia oerstediana,-85.459611,10.993806,22.84999990463257,208.41666666666666
Myrtaceae,Eugenia oerstediana,-85.4111111,10.3472222,27.291666507720947,158.75
Myrtaceae,Eugenia oerstediana,-85.41111,10.34722,27.291666507720947,158.75
Myrtaceae,Eugenia oerstediana,-100.45,18.863333,18.60000006357829,99.75
Myrtaceae,Eugenia oerstediana,-94.616667,17.266667,25.208333174387615,298.6666666666667
Myrtaceae,Eugenia oerstediana,-94.612778,17.2525,25.291666666666668,304.6666666666667
Myrtaceae,Eugenia oerstediana,-98.468889,20.603611,16.066666920979817,109.91666666666667
Myrtaceae,Eugenia oerstediana,-96.708333,19.308333,23.99166663487752,95.66666666666667
Myrtaceae,Eugenia oerstediana,-93.606389,17.186111,25.55833371480306,203.33333333333334
Myrtaceae,Eugenia oerstediana,-92.505,16.82,15.74999992052714,100.41666666666667
Myrtaceae,Eugenia oerstediana,-92.425,17.296667,21.38333336512248,209.25
Myrtaceae,Eugenia oerstediana,-96.475,15.741667,26.25000015894572,86.08333333333333
Myrtaceae,Eugenia oerstediana,-93.391667,17.829167,26.10000006357829,188.91666666666666
Myrtaceae,Eugenia oerstediana,-96.614444,19.503889,24.458333333333332,75.91666666666667
Myrtaceae,Eugenia oerstediana,-96.613056,19.237778,24.3083332379659,92.75
Myrtaceae,Eugenia oerstediana,-95.111667,18.42,24.766666730244953,164.58333333333334
Myrtaceae,Eugenia oerstediana,-95.075,18.588889000000002,25.3166667620341,203
Myrtaceae,Eugenia oerstediana,-95.007778,18.513056,25.78333330154419,209.83333333333334
Myrtaceae,Eugenia oerstediana,-97.826111,21.306944,21.599999745686848,170.25
Myrtaceae,Eugenia oerstediana,-97.814167,20.704722,22.59999990463257,133.16666666666666
Myrtaceae,Eugenia oerstediana,-96.855278,19.218056,20.75833336512248,117
Myrtaceae,Eugenia oerstediana,-91.321667,17.028333,25.516666889190674,214.41666666666666
Myrtaceae,Eugenia oerstediana,-90.96,16.101667,25.81666660308838,248
Myrtaceae,Eugenia oerstediana,-105.591944,20.473056,24.00833336512248,79.25
Myrtaceae,Eugenia oerstediana,-105.19,20.649167,25.31666660308838,92
Myrtaceae,Eugenia oerstediana,-97.958889,21.25,23.166666507720947,122.58333333333333
Myrtaceae,Eugenia oerstediana,-96.380833,19.59,24.9333332379659,90.66666666666667
Myrtaceae,Eugenia oerstediana,-94.028889,17.53,25.6916667620341,229.41666666666666
Myrtaceae,Eugenia oerstediana,-97.365625,21.576667,23.516666730244953,126
Myrtaceae,Eugenia oerstediana,-76.42,4.1,17.491666793823242,180
Myrtaceae,Eugenia oerstediana,-88.66,17.11,25.14999993642171,167.25
Myrtaceae,Eugenia oerstediana,-84.58,9.81,26.758333206176758,184
Myrtaceae,Eugenia oerstediana,-85.05,10.73,23.733333110809326,281
Myrtaceae,Eugenia oerstediana,-80.04,-0.52,24.49999984105428,95.75
Myrtaceae,Eugenia oerstediana,-89.93333,13.81667,23.74999984105428,152.33333333333334
Myrtaceae,Eugenia oerstediana,-89.98333,13.81667,25.324999968210857,147.58333333333334
Myrtaceae,Eugenia oerstediana,-89.98333,13.81667,25.324999968210857,147.58333333333334
Myrtaceae,Eugenia oerstediana,-89.35,14.41667,13.84166669845581,140.33333333333334
Myrtaceae,Eugenia oerstediana,-88.95,13.88333,23.50000015894572,160.33333333333334
Myrtaceae,Eugenia oerstediana,-89.65,13.68333,24.94166628519694,148.75
Myrtaceae,Eugenia oerstediana,-89.63333,14.11667,22.741666475931805,125.66666666666667
Myrtaceae,Eugenia oerstediana,-89.53333,14.3,25.208333333333332,105.08333333333333
Myrtaceae,Eugenia oerstediana,-89.48333,13.5,NA,NA
Myrtaceae,Eugenia oerstediana,-89.6924,14.08975,23.799999872843426,125.41666666666667
Myrtaceae,Eugenia oerstediana,-89.41237,14.40943,21.0666667620341,111.16666666666667
Myrtaceae,Eugenia oerstediana,-92.32,15.55,19.34166653951009,152.91666666666666
Myrtaceae,Eugenia oerstediana,-92.32,15.55,19.34166653951009,152.91666666666666
Myrtaceae,Eugenia oerstediana,-98.65958,16.84792,25.241666475931805,147.75
Myrtaceae,Eugenia oerstediana,-98.67167,16.84194,25.4333332379659,156.08333333333334
Myrtaceae,Eugenia oerstediana,-98.61944,16.82611,24.983333269755047,128.58333333333334
Myrtaceae,Eugenia oerstediana,-91.2455555,17.5652778,26.8083332379659,160.41666666666666
Myrtaceae,Eugenia oerstediana,-92.33,17.17,22.21666669845581,196.5
Myrtaceae,Eugenia oerstediana,-103.3527778,19.4466666,21.69166660308838,81.33333333333333
Myrtaceae,Eugenia oerstediana,-102.575,23.6166667,16.908333381017048,29.666666666666668
Myrtaceae,Eugenia oerstediana,-97.105,18.84833,20.133333524068195,108.33333333333333
Myrtaceae,Eugenia oerstediana,-96.56666,19.23333,24.75000015894572,90.91666666666667
Myrtaceae,Eugenia oerstediana,-97.105,18.84833,20.133333524068195,108.33333333333333
Myrtaceae,Eugenia oerstediana,-96.56666,19.23333,24.75000015894572,90.91666666666667
Myrtaceae,Eugenia oerstediana,-105.35,20.4833333,23.016666412353516,108.08333333333333
Myrtaceae,Eugenia oerstediana,-105.0666667,21.5166667,21.09166653951009,115.25
Myrtaceae,Eugenia oerstediana,-89.41388,16.50138,23.758333683013916,241.25
Myrtaceae,Eugenia oerstediana,-90.83305,14.46,19.03333330154419,128.16666666666666
Myrtaceae,Eugenia oerstediana,-89.41388,16.50138,23.758333683013916,241.25
Myrtaceae,Eugenia oerstediana,-89.2275,15.8775,26.008333524068195,276.75
Myrtaceae,Eugenia oerstediana,-89.09166,15.73888,25.708333333333332,257.0833333333333
Myrtaceae,Eugenia oerstediana,-83.9166667,11.9,25.93333355585734,303.5833333333333
Myrtaceae,Eugenia oerstediana,-83.9166667,11.9,25.93333355585734,303.5833333333333
Myrtaceae,Eugenia oerstediana,-93.64833,16.09555,24.291666666666668,91.33333333333333
Myrtaceae,Eugenia oerstediana,-90.28472,14.38166,22.81666660308838,133.08333333333334
Myrtaceae,Eugenia oerstediana,-89.98333,13.81666,25.791666507720947,145.33333333333334
Myrtaceae,Eugenia oerstediana,-89.35,14.41666,14.100000143051147,138.16666666666666
Myrtaceae,Eugenia oerstediana,-87.785,14.9311111,25.333333174387615,153.41666666666666
Myrtaceae,Eugenia oerstediana,-87.7133333,14.8672223,25.58333381017049,128.16666666666666
Myrtaceae,Eugenia oerstediana,-86,11.8333333,23.866666952768963,133.25
Myrtaceae,Eugenia oerstediana,-85.9833333,11.8333333,21.174999872843426,147.75
Myrtaceae,Eugenia oerstediana,-85.95,11.85,24.78333346048991,125.5
Myrtaceae,Eugenia oerstediana,-85.75,13.05,24.266666571299236,133.33333333333334
Myrtaceae,Eugenia oerstediana,-85.2333333,12.9166667,24.68333371480306,163.91666666666666
Myrtaceae,Eugenia oerstediana,-85.14777,14.26777,25.60000006357829,180.08333333333334
Myrtaceae,Eugenia oerstediana,-85.14333,14.29888,25.61666663487752,180
Myrtaceae,Eugenia oerstediana,-84.9963889,10.2436111,26.90833330154419,166.25
Myrtaceae,Eugenia oerstediana,-84.91666,13.15,25.175000190734863,188.75
Myrtaceae,Eugenia oerstediana,-84.46666,11.04166,25.933333079020183,242.66666666666666
Myrtaceae,Eugenia oerstediana,-83.85,11.58333,26.083333174387615,289.0833333333333
Myrtaceae,Eugenia oerstediana,-83.65333,9.37222,22.84166669845581,241.58333333333334
Myrtaceae,Eugenia oerstediana,-83.08,9.65,24.30833339691162,285.6666666666667
Myrtaceae,Eugenia oerstediana,-80.66666,-1.56666,21.891666571299236,54.916666666666664
Myrtaceae,Eugenia oerstediana,-72.25833,11.075,27.891666571299236,70.75
Myrtaceae,Eugenia oerstediana,-70.58333,8.51666,27.074999968210857,144.83333333333334
Myrtaceae,Eugenia oerstediana,-90.28472,14.38166,22.81666660308838,133.08333333333334
Myrtaceae,Eugenia oerstediana,-79.59222,9.33944,26.31666660308838,213.5
Myrtaceae,Eugenia oerstediana,-87.85,14.58333,20.86666663487752,112.5
Myrtaceae,Eugenia oerstediana,-89.06666,17.03111,24.8166667620341,157
Myrtaceae,Eugenia oerstediana,-83.65333,9.37222,22.84166669845581,241.58333333333334
Myrtaceae,Eugenia oerstediana,-90.73694,14.34444,23.87499984105428,235.25
Myrtaceae,Eugenia oerstediana,-92.28,15.74,24.916666825612385,131
Myrtaceae,Eugenia oerstediana,-85.08333,10.7,23.549999872843426,262.25
Myrtaceae,Eugenia oerstediana,-85.07,10.34,27.05833371480306,163.41666666666666
Myrtaceae,Eugenia oerstediana,-89.22805,15.88777,25.883333047231037,277.9166666666667
Myrtaceae,Eugenia oerstediana,-84.17805,9.93055,21.733333269755047,221.25
Myrtaceae,Eugenia oerstediana,-78.0833333,7.8833333,26.40833330154419,258.9166666666667
Myrtaceae,Eugenia oerstediana,-79.8513889,9.1652778,26.24999984105428,210.5
Myrtaceae,Eugenia oerstediana,-79.85138,9.16527,26.24999984105428,210.5
Myrtaceae,Eugenia oerstediana,-79.84333,9.1725,26.40000009536743,208
Myrtaceae,Eugenia oerstediana,-79.82222,9.15833,26.53333330154419,214.33333333333334
Myrtaceae,Eugenia oerstediana,-89.2975,15.91444,25.916666507720947,280.0833333333333
Myrtaceae,Eugenia oerstediana,-89.2619444,15.8644444,25.916666507720947,276.6666666666667
Myrtaceae,Eugenia oerstediana,-89.26194,15.86444,25.916666507720947,276.6666666666667
Myrtaceae,Eugenia oerstediana,-89.23027,15.90388,25.858333110809326,278.75
Myrtaceae,Eugenia oerstediana,-89.35083,16.08111,24.583333492279053,289.4166666666667
Myrtaceae,Eugenia oerstediana,-89.09166,15.73888,25.708333333333332,257.0833333333333
Myrtaceae,Eugenia oerstediana,-79.86805,9.15861,26.56666644414266,206.16666666666666
Myrtaceae,Eugenia oerstediana,-79.68333,9.11666,26.22500006357829,203.91666666666666
Myrtaceae,Eugenia oerstediana,-79.65472,9.27472,26.25833336512248,237.08333333333334
Myrtaceae,Eugenia oerstediana,-94.61666,17.26666,25.291666666666668,303.8333333333333
Myrtaceae,Eugenia oerstediana,-79.65194,9.08194,26.09166653951009,204.25
Myrtaceae,Eugenia oerstediana,-89.28444,15.56,26.18333339691162,232.83333333333334
Myrtaceae,Eugenia oerstediana,-89.1,14.86666,23.516666889190674,125.5
Myrtaceae,Eugenia oerstediana,-95.08416,18.40166,24.75,156.33333333333334
Myrtaceae,Eugenia oerstediana,-86,11.83333,23.866666952768963,133.25
Myrtaceae,Eugenia oerstediana,-86,11.8333333,23.866666952768963,133.25
Myrtaceae,Eugenia oerstediana,-78.76,9.10583,26.366666475931805,166.75
Myrtaceae,Eugenia oerstediana,-85.9333333,11.8333333,24.94166644414266,120.08333333333333
Myrtaceae,Eugenia oerstediana,-85.93333,11.83333,24.94166644414266,120.08333333333333
Myrtaceae,Eugenia oerstediana,-82.6833333,8.7666667,19.21666669845581,268.6666666666667
Myrtaceae,Eugenia oerstediana,-82.68333,8.76666,19.28333314259847,243.58333333333334
Myrtaceae,Eugenia oerstediana,-74.563439,5.597153,26.983333428700764,201.33333333333334
Myrtaceae,Eugenia oerstediana,-85.3833333,12.2833333,24.875,137.5
Myrtaceae,Eugenia oerstediana,-85.38333,12.28333,24.875,137.5
Myrtaceae,Eugenia oerstediana,-85.3,10.33333,27.15833330154419,146.66666666666666
Myrtaceae,Eugenia oerstediana,-84.925,13.73333,25.68333339691162,177.25
Myrtaceae,Eugenia oerstediana,-84.925,13.7333333,25.68333339691162,177.25
Myrtaceae,Eugenia oerstediana,-84.8,13.65,25.825000127156574,180.83333333333334
Myrtaceae,Eugenia oerstediana,-83.58916,8.46638,26.22500006357829,309.8333333333333
Myrtaceae,Eugenia oerstediana,-72.18333,8.42361,27.716667016347248,168.41666666666666
Myrtaceae,Eugenia oerstediana,-71.36666,-11.9,25.050000031789143,215.83333333333334
Myrtaceae,Eugenia oerstediana,-87.7133333,14.8672223,25.58333381017049,128.16666666666666
Myrtaceae,Eugenia oerstediana,-85.16666,14.21666,25.125,177.83333333333334
Myrtaceae,Eugenia oerstediana,-72.25833,11.075,27.891666571299236,70.75
Myrtaceae,Eugenia oerstediana,-86,11.83333,23.866666952768963,133.25
Myrtaceae,Eugenia oerstediana,-85.98333,11.83333,21.174999872843426,147.75
Myrtaceae,Eugenia oerstediana,-85.0333333,13.6333333,24.63333336512248,167.25
Myrtaceae,Eugenia oerstediana,-85.03333,13.63333,24.63333336512248,167.25
Myrtaceae,Eugenia oerstediana,-70.23333,8.78333,26.825000127156574,123.25
Myrtaceae,Eugenia oerstediana,-85.95,11.85,24.78333346048991,125.5
Myrtaceae,Eugenia oerstediana,-85.75,13.05,24.266666571299236,133.33333333333334
Myrtaceae,Eugenia oerstediana,-83.85,11.58333,26.083333174387615,289.0833333333333
Myrtaceae,Eugenia oerstediana,-79.84305,9.14138,26.524999777475994,196
Myrtaceae,Eugenia oerstediana,-69.56666,9.65,23.616666952768963,96.5
Myrtaceae,Eugenia oerstediana,-69.5,9.68333,24.083333651224773,99
Myrtaceae,Eugenia oerstediana,-69.5,9.6833333,24.083333651224773,99
Myrtaceae,Eugenia oerstediana,-85.38333,12.28333,24.875,137.5
Myrtaceae,Eugenia oerstediana,-85.4,12.3,23.10000006357829,161.08333333333334
Myrtaceae,Eugenia oerstediana,-85.25,12.28333,23.824999968210857,152.16666666666666
Myrtaceae,Eugenia oerstediana,-85.23333,12.91666,24.74999984105428,161.08333333333334
Myrtaceae,Eugenia oerstediana,-84.99638,10.24361,26.90833330154419,166.25
Myrtaceae,Eugenia oerstediana,-84.91666,13.15,25.175000190734863,188.75
Myrtaceae,Eugenia oerstediana,-84.46666,11.04166,25.933333079020183,242.66666666666666
Myrtaceae,Eugenia oerstediana,-83.6333333,10.6833333,26.299999872843426,305.3333333333333
Myrtaceae,Eugenia oerstediana,-83.63,10.68,26.299999872843426,305.3333333333333
Myrtaceae,Eugenia oerstediana,-79.84333,9.15472,26.041666507720947,184.16666666666666
Myrtaceae,Eugenia oerstediana,-70.58333,8.51666,27.074999968210857,144.83333333333334
Myrtaceae,Eugenia oerstediana,-83.5833333,8.4833333,25.62500015894572,310
Myrtaceae,Eugenia oerstediana,-83.28,8.46,26.47499990463257,305.5
Myrtaceae,Eugenia oerstediana,-85.42,10.99,22.90000009536743,256.0833333333333
Myrtaceae,Eugenia oerstediana,-84.58055,9.80555,26.358333428700764,178.66666666666666
Myrtaceae,Eugenia oerstediana,-89.11666,16.26666,24.0666667620341,273.4166666666667
Myrtaceae,Eugenia oerstediana,-85.54,10.34,27.424999872843426,160.75
Myrtaceae,Eugenia oerstediana,-85.41111,10.34722,27.291666507720947,158.75
Myrtaceae,Eugenia oerstediana,-75.16666,9.96666,26.90833346048991,126.25
Myrtaceae,Eugenia oerstediana,-86.85,15.7,25.408333619435627,129.83333333333334
Myrtaceae,Eugenia oerstediana,-85.4,10.88,23.12499984105428,239.25
Myrtaceae,Eugenia oerstediana,-80.66666,-1.56666,21.891666571299236,54.916666666666664
Myrtaceae,Eugenia oerstediana,-84.6,10.02,24.833333333333332,197.16666666666666
Myrtaceae,Eugenia oerstediana,-83.01,9.03,19.27499993642171,273.5833333333333
Myrtaceae,Eugenia oerstediana,-89.98333,13.81666,25.791666507720947,145.33333333333334
Myrtaceae,Eugenia oerstediana,-89.98333,13.81666,25.791666507720947,145.33333333333334
Myrtaceae,Eugenia oerstediana,-93.64833,16.09555,24.291666666666668,91.33333333333333
Myrtaceae,Eugenia oerstediana,-89.35,14.41666,14.100000143051147,138.16666666666666
Myrtaceae,Eugenia oerstediana,-89.35,14.4166667,13.84166669845581,140.33333333333334
Myrtaceae,Eugenia oerstediana,-88.95,13.88333,23.50000015894572,160.33333333333334
Myrtaceae,Eugenia oerstediana,-85.14777,14.26777,25.60000006357829,180.08333333333334
Myrtaceae,Eugenia oerstediana,-85.14333,14.29888,25.61666663487752,180
Myrtaceae,Eugenia oerstediana,-61.0644444,14.5108333,25.166666666666668,160.08333333333334
Myrtaceae,Eugenia oerstediana,-97.691111,21.825,23.550000190734863,109.41666666666667
Myrtaceae,Eugenia oerstediana,-80.13333,-2.16666,24.766666730244953,75.33333333333333
Myrtaceae,Eugenia oerstediana,-79.93333,0.51666,25.075000127156574,139.83333333333334
Myrtaceae,Eugenia oerstediana,-78.6794445,-4.4563889,22.949999968210857,139.83333333333334
Myrtaceae,Eugenia oerstediana,-78.23333,1.1,20.300000190734863,249.08333333333334
Myrtaceae,Eugenia oerstediana,-80.13333,-2.16666,24.766666730244953,75.33333333333333
Myrtaceae,Eugenia oerstediana,-76.18333,-1,25.166666825612385,272.8333333333333
Myrtaceae,Eugenia oerstediana,-79.93333,0.51666,25.075000127156574,139.83333333333334
Myrtaceae,Eugenia oerstediana,-79.46666,0.33333,25.10000006357829,189.33333333333334
Myrtaceae,Eugenia oerstediana,-78.7166667,-4.3,22.458333492279053,130.83333333333334
Myrtaceae,Eugenia oerstediana,-78.71666,-4.3,22.56666660308838,132.91666666666666
Myrtaceae,Eugenia oerstediana,-98.6716667,16.8419444,25.4333332379659,156.08333333333334
Myrtaceae,Eugenia oerstediana,-98.6194445,16.8261111,24.983333269755047,128.58333333333334
Myrtaceae,Eugenia oerstediana,-95.06666,18.56666,25.666666666666668,206.58333333333334
Myrtaceae,Eugenia oerstediana,-84.8,10.3,18.574999968210857,210.08333333333334
Myrtaceae,Eugenia oerstediana,-83.58,8.48,25.62500015894572,310
Myrtaceae,Eugenia oerstediana,-84.18,9.94,21.99166663487752,215.83333333333334
Myrtaceae,Eugenia oerstediana,-85.3,10.33,27.15833330154419,146.66666666666666
Myrtaceae,Eugenia oerstediana,-84.23,9.48,26.575000127156574,190.33333333333334
Myrtaceae,Eugenia oerstediana,-85.25,12.28,23.824999968210857,152.16666666666666
Myrtaceae,Eugenia oerstediana,-84.91,13.15,25.175000190734863,188.75
Myrtaceae,Eugenia oerstediana,-97.78,20.66,22.891666730244953,123.16666666666667
Myrtaceae,Eugenia oerstediana,-84.56,10.3,24.25000015894572,291.75
Myrtaceae,Eugenia oerstediana,-77.66,7.75,24.274999777475994,197
Myrtaceae,Eugenia oerstediana,-85.47,10.92,21.233333269755047,180.66666666666666
Myrtaceae,Eugenia oerstediana,-85.42,10.99,22.90000009536743,256.0833333333333
Myrtaceae,Eugenia oerstediana,-84.58,9.8,25.88333336512248,176.08333333333334
Myrtaceae,Eugenia oerstediana,-84.36,11.12,25.84999990463257,257.25
Myrtaceae,Eugenia oerstediana,-84.8,10.3,18.574999968210857,210.08333333333334
Myrtaceae,Eugenia oerstediana,-84.6,10.02,24.833333333333332,197.16666666666666
Myrtaceae,Eugenia oerstediana,-84.93,10.58,22.141666412353516,302.3333333333333
Myrtaceae,Eugenia oerstediana,-84.27,9.9,22.03333330154419,169.66666666666666
Myrtaceae,Eugenia oerstediana,-96.75,17.5,15.358333349227905,77.75
Myrtaceae,Eugenia oerstediana,-90.5,15,17.608333428700764,128.08333333333334
Myrtaceae,Eugenia oerstediana,-88.75,13.5833,24.199999968210857,167.58333333333334
Myrtaceae,Eugenia oerstediana,-88.5,17,24.25000015894572,169.08333333333334
Myrtaceae,Eugenia oerstediana,-86.5458,16.3353,27.199999968210857,193.16666666666666
Myrtaceae,Eugenia oerstediana,-86.5,14.5,24.09999990463257,81.16666666666667
Myrtaceae,Eugenia oerstediana,-86.2797,16.4217,27.3166667620341,193.16666666666666
Myrtaceae,Eugenia oerstediana,-85.4786,10.9314,21.75,181.41666666666666
Myrtaceae,Eugenia oerstediana,-85.3703,11.0389,24.708333174387615,237.91666666666666
Myrtaceae,Eugenia oerstediana,-85.3447,10.7772,21.708333333333332,180
Myrtaceae,Eugenia oerstediana,-85.1197,9.5853,25.19166660308838,195.16666666666666
Myrtaceae,Eugenia oerstediana,-85.0511,9.8628,25.1833332379659,202.08333333333334
Myrtaceae,Eugenia oerstediana,-85,12.5,23.55833355585734,166.66666666666666
Myrtaceae,Eugenia oerstediana,-84.9917,10.7022,21.883333524068195,282.25
Myrtaceae,Eugenia oerstediana,-84.9519,10.3264,24.47500006357829,202.91666666666666
Myrtaceae,Eugenia oerstediana,-84.8233,10.2681,22.37500015894572,205.25
Myrtaceae,Eugenia oerstediana,-84.5461,9.7781,25.616666952768963,198.5
Myrtaceae,Eugenia oerstediana,-84.4886,9.9372,24.441666920979817,184.33333333333334
Myrtaceae,Eugenia oerstediana,-84.2775,9.8986,22.84166669845581,167.16666666666666
Myrtaceae,Eugenia oerstediana,-84.2206,10.6914,25.59999990463257,285.5833333333333
Myrtaceae,Eugenia oerstediana,-84.1431,9.4408,26.433333079020183,265.3333333333333
Myrtaceae,Eugenia oerstediana,-84.0461,10.2806,22.291666666666668,304
Myrtaceae,Eugenia oerstediana,-84.0169,9.4944,22.299999872843426,242.66666666666666
Myrtaceae,Eugenia oerstediana,-84.012200000000007,10.4233,25.874999682108562,310.5
Myrtaceae,Eugenia oerstediana,-83.9725,10.1239,20.84166685740153,301.8333333333333
Myrtaceae,Eugenia oerstediana,-83.5653,10.4158,25.858332951863606,304.6666666666667
Myrtaceae,Eugenia oerstediana,-83.5503,8.5061,25.69166660308838,230.25
Myrtaceae,Eugenia oerstediana,-83.5411,8.6994,24.80833339691162,263.1666666666667
Myrtaceae,Eugenia oerstediana,-83.4272,9.7058,21.975000222524006,270.6666666666667
Myrtaceae,Eugenia oerstediana,-83.3611,8.9975,22.05833355585734,245.58333333333334
Myrtaceae,Eugenia oerstediana,-83.2886,8.3886,25.53333346048991,307.5833333333333
Myrtaceae,Eugenia oerstediana,-83.2583,8.6747,25.78333330154419,290.75
Myrtaceae,Eugenia oerstediana,-82.9208,8.3119,25.266666730244953,249.91666666666666
Myrtaceae,Eugenia oerstediana,-82.815,9.7431,26.43333339691162,244.91666666666666
Myrtaceae,Eugenia oerstediana,-82.4394,8.6981,21.96666685740153,230.5
Myrtaceae,Eugenia oerstediana,-80.5428,9.0497,26.291666666666668,220.91666666666666
Myrtaceae,Eugenia oerstediana,-79.9431,8.6633,25.05833339691162,187.25
Myrtaceae,Eugenia oerstediana,-79.8442,9.1592,26.141666730244953,184.41666666666666
Myrtaceae,Eugenia oerstediana,-79.8436,0.3972,24.81666644414266,138.58333333333334
Myrtaceae,Eugenia oerstediana,-79.7808,0.2872,23.808333079020183,144.16666666666666
Myrtaceae,Eugenia oerstediana,-79.7367,-3.0547,24.99166663487752,62
Myrtaceae,Eugenia oerstediana,-79.655,9.1222,26.191666920979817,204.41666666666666
Myrtaceae,Eugenia oerstediana,-79.635,-3.8697,22.43333339691162,93.08333333333333
Myrtaceae,Eugenia oerstediana,-79.6128,0.9017,25.02500009536743,98.58333333333333
Myrtaceae,Eugenia oerstediana,-79.5633,-2.7281,23.416666825612385,95.16666666666667
Myrtaceae,Eugenia oerstediana,-79.5508,-2.1219,25.224999745686848,117
Myrtaceae,Eugenia oerstediana,-79.5489,-1.2964,25.09999990463257,158.66666666666666
Myrtaceae,Eugenia oerstediana,-79.5475,8.9933,26.708333333333332,203.91666666666666
Myrtaceae,Eugenia oerstediana,-79.5053,9.2722,25.858333269755047,220.58333333333334
Myrtaceae,Eugenia oerstediana,-79.3631,-0.5939,24.24999984105428,218
Myrtaceae,Eugenia oerstediana,-79.3553,9.2578,22.833333333333332,233.25
Myrtaceae,Eugenia oerstediana,-79.3353,0.4797,24.25,175.25
Myrtaceae,Eugenia oerstediana,-79.2631,-2.4692,22.825000127156574,135.5
Myrtaceae,Eugenia oerstediana,-79.2061,-0.9681,22.0583332379659,203.16666666666666
Myrtaceae,Eugenia oerstediana,-79.1664,-0.6806,22.116666793823242,221.83333333333334
Myrtaceae,Eugenia oerstediana,-78.9358,8.3714,26.516666730244953,198.25
Myrtaceae,Eugenia oerstediana,-78.7678,9.1819,26.208333333333332,163
Myrtaceae,Eugenia oerstediana,-78.6297,8.9497,21.88333336512248,188.33333333333334
Myrtaceae,Eugenia oerstediana,-78.6089,0.8872,22.316666920979817,202.08333333333334
Myrtaceae,Eugenia oerstediana,-78.5,1.0997,23.6916667620341,243.16666666666666
Myrtaceae,Eugenia oerstediana,-78.4406,8.9006,23.96666669845581,206.41666666666666
Myrtaceae,Eugenia oerstediana,-78.2258,-2.9817,24.61666663487752,197.33333333333334
Myrtaceae,Eugenia oerstediana,-78.1589,8.4283,26.47499990463257,157.33333333333334
Myrtaceae,Eugenia oerstediana,-77.8261,-1.0294,23.174999872843426,355.1666666666667
Myrtaceae,Eugenia oerstediana,-77.7219,8.1436,26.8166667620341,169.08333333333334
Myrtaceae,Eugenia oerstediana,-77.3631,-0.6403,23.333333492279053,323.8333333333333
Myrtaceae,Eugenia oerstediana,-77.3292,8.2358,22.008333524068195,188.08333333333334
Myrtaceae,Eugenia oerstediana,-76.3994,-0.6853,25.09166685740153,277.8333333333333
Myrtaceae,Eugenia oerstediana,-75.795,-6.2267,27.150000254313152,173.66666666666666
Myrtaceae,Eugenia oerstediana,-74.0211,8.7975,26.1833332379659,188.75
Myrtaceae,Eugenia oerstediana,-73.9775,-8.8525,26.09166653951009,142.83333333333334
Myrtaceae,Eugenia oerstediana,-71.5725,7.6408,26.275000254313152,169.08333333333334
Myrtaceae,Eugenia oerstediana,-71.2106,8.1311,21.825000127156574,141.58333333333334
Myrtaceae,Eugenia oerstediana,-71.1433,7.9242,24.77500009536743,138.41666666666666
Myrtaceae,Eugenia oerstediana,-71.0169,7.4625,26.96666685740153,159.75
Myrtaceae,Eugenia oerstediana,-70.3919,9.6144,25,92.33333333333333
Myrtaceae,Eugenia oerstediana,-70.3297,8.6686,26.43333339691162,124.25
Myrtaceae,Eugenia oerstediana,-69.5894,9.0283,27.31666644414266,125.58333333333333
Myrtaceae,Eugenia oerstediana,-69.4458,9.6878,24.800000031789143,95.5
Myrtaceae,Eugenia oerstediana,-69.1567,10.0003,24.399999777475994,90.83333333333333
Myrtaceae,Eugenia oerstediana,-69.1208,9.7947,26.15833314259847,106.16666666666667
Myrtaceae,Eugenia oerstediana,-67.5797,8.5772,27.574999968210857,109.41666666666667
Myrtaceae,Eugenia oerstediana,-64.7364,8.8767,26.59166685740153,94.58333333333333
Myrtaceae,Eugenia oerstediana,-64.5661,10.1761,22.049999872843426,84
Myrtaceae,Eugenia oerstediana,-60.9619,14.0678,26.80833339691162,156.91666666666666
Myrtaceae,Eugenia oerstediana,-89.083,17.1,24.875,149.25
Myrtaceae,Eugenia oerstediana,-97.105,18.84833,20.133333524068195,108.33333333333333
Myrtaceae,Eugenia oerstediana,-97.105,18.84833,20.133333524068195,108.33333333333333
Myrtaceae,Eugenia oerstediana,-97.105,18.84833,20.133333524068195,108.33333333333333
Myrtaceae,Eugenia oerstediana,-79.7481,9.35822,25.449999809265137,205.58333333333334
Myrtaceae,Eugenia oerstediana,-80.0803,8.73808,23.233333110809326,249.08333333333334
Myrtaceae,Eugenia oerstediana,-79.2868,9.31929,22.46666669845581,226.16666666666666
Myrtaceae,Eugenia oerstediana,-79.85521,9.15574,25.983333269755047,199.5
Myrtaceae,Eugenia oerstediana,-79.8853,9.12526,26.425000190734863,187.66666666666666
Myrtaceae,Eugenia oerstediana,-79.821,9.18788,26.549999872843426,212.83333333333334
Myrtaceae,Eugenia oerstediana,-79.8825,9.14346,26.52499993642171,188.08333333333334
Myrtaceae,Eugenia oerstediana,-79.8612,9.15824,26.208333492279053,206.91666666666666
Myrtaceae,Eugenia oerstediana,-79.8587,9.14462,26.425000190734863,214.75
Myrtaceae,Eugenia oerstediana,-79.8553,9.15125,25.983333269755047,199.5
Myrtaceae,Eugenia oerstediana,-79.7453,9.16176,26.27499993642171,219.75
Myrtaceae,Eugenia oerstediana,-79.7427,9.16093,26.27499993642171,219.75
Myrtaceae,Eugenia oerstediana,-79.6634,9.08405,26.03333330154419,196.33333333333334
Myrtaceae,Eugenia oerstediana,-79.7442,9.1565,26.416666507720947,215.41666666666666
Myrtaceae,Eugenia oerstediana,-79.7269,9.35583,25.266666889190674,237.25
Myrtaceae,Eugenia oerstediana,-79.7125,9.14674,25.983333110809326,218.33333333333334
Myrtaceae,Eugenia oerstediana,-79.7158,9.15181,25.983333110809326,221.25
Myrtaceae,Eugenia oerstediana,-79.6767,9.12372,26.516666571299236,201.5
Myrtaceae,Eugenia oerstediana,-79.6731,9.1217,26.391666571299236,204.41666666666666
Myrtaceae,Eugenia oerstediana,-79.9986,9.31925,26.52500009536743,199.16666666666666
Myrtaceae,Eugenia oerstediana,-79.9281,8.68288,22.824999650319416,197.25
Myrtaceae,Eugenia oerstediana,-79.9249,8.68347,22.799999713897705,215.25
Myrtaceae,Eugenia oerstediana,-79.7511,9.35489,25.550000031789143,220.91666666666666
Myrtaceae,Eugenia oerstediana,-79.7481,9.35822,25.449999809265137,205.58333333333334
Myrtaceae,Eugenia oerstediana,-79.7266,9.3561,25.266666889190674,237.25
Myrtaceae,Eugenia oerstediana,-79.6733,9.0895,26.13333336512248,189.41666666666666
Myrtaceae,Eugenia oerstediana,-79.6639,9.08396,26.03333330154419,196.33333333333334
Myrtaceae,Eugenia oerstediana,-79.6619,9.08734,26.03333330154419,196.33333333333334
Myrtaceae,Eugenia oerstediana,-79.6532,9.08957,25.97499990463257,207.16666666666666
Myrtaceae,Eugenia oerstediana,-79.3559,9.37499,24.75000015894572,251.91666666666666
Myrtaceae,Eugenia oerstediana,-79.3622,9.20313,24.058333079020183,240.83333333333334
Myrtaceae,Eugenia oerstediana,-80.0569,8.85581,26.333333333333332,222.5
Myrtaceae,Eugenia oerstediana,-80.056,8.86259,26.333333333333332,218.75
Myrtaceae,Eugenia oerstediana,-79.9264,8.99686,26.508333206176758,207
Myrtaceae,Eugenia oerstediana,-79.9131,9.07066,26.43333339691162,227.83333333333334
Myrtaceae,Eugenia oerstediana,-79.8956,9.01987,26.49166663487752,215.33333333333334
Myrtaceae,Eugenia oerstediana,-79.8923,9.09014,26.47500006357829,205.08333333333334
Myrtaceae,Eugenia oerstediana,-79.827,9.00733,26.65833314259847,204.08333333333334
Myrtaceae,Eugenia oerstediana,-79,-0.4,17.87500015894572,212.25
Myrtaceae,Eugenia oerstediana,-76,-10,10.891666809717814,91.5
Myrtaceae,Eugenia oerstediana,-90.294998,14.389203,23.05833355585734,129.41666666666666
Myrtaceae,Eugenia oerstediana,-80.08029938,8.73808003,23.233333110809326,249.08333333333334
Myrtaceae,Eugenia oerstediana,-79.96209717,9.3229599,26.36666663487752,208.75
Myrtaceae,Eugenia oerstediana,-79.88529968,9.12526035,26.425000190734863,187.66666666666666
Myrtaceae,Eugenia oerstediana,-79.88249969,9.14346027,26.52499993642171,188.08333333333334
Myrtaceae,Eugenia oerstediana,-79.86119843,9.15824032,26.208333492279053,206.91666666666666
Myrtaceae,Eugenia oerstediana,-79.85870361,9.14461994,26.425000190734863,214.75
Myrtaceae,Eugenia oerstediana,-79.8553009,9.15124989,25.983333269755047,199.5
Myrtaceae,Eugenia oerstediana,-79.82959747,9.17936039,26.549999872843426,218.5
Myrtaceae,Eugenia oerstediana,-79.75170135,9.1568203,26.36666663487752,217.41666666666666
Myrtaceae,Eugenia oerstediana,-79.74810028,9.3582201,25.449999809265137,205.58333333333334
Myrtaceae,Eugenia oerstediana,-79.74639893,9.16829968,25.86666663487752,229
Myrtaceae,Eugenia oerstediana,-79.74530029,9.16176033,26.27499993642171,219.75
Myrtaceae,Eugenia oerstediana,-79.74269867,9.16092968,26.27499993642171,219.75
Myrtaceae,Eugenia oerstediana,-79.72689819,9.35583019,25.266666889190674,237.25
Myrtaceae,Eugenia oerstediana,-79.67669678,9.12372017,26.516666571299236,201.5
Myrtaceae,Eugenia oerstediana,-79.67310333,9.12170029,26.391666571299236,204.41666666666666
Myrtaceae,Eugenia oerstediana,-79.6,9.1,25.958333174387615,207.91666666666666
Myrtaceae,Eugenia oerstediana,-79.28679657,9.31929016,22.46666669845581,226.16666666666666
Myrtaceae,Eugenia oerstediana,-92.539167,17.323889,23.175000031789143,244.41666666666666
Myrtaceae,Eugenia oerstediana,-83.98444,9.87444,18.88333336512248,183.25
Myrtaceae,Eugenia oerstediana,-83.98444,9.87444,18.88333336512248,183.25
Myrtaceae,Eugenia oerstediana,-102.06277,19.42805,18.916666825612385,79.41666666666667
Myrtaceae,Eugenia oerstediana,-92.701944,15.353056,27.15000009536743,189.41666666666666
Myrtaceae,Eugenia oerstediana,-92.989167,16.912778,22.21666685740153,109.5
Myrtaceae,Eugenia oerstediana,-98.6717,16.8421,25.4333332379659,156.08333333333334
Myrtaceae,Eugenia oerstediana,-98.6196,16.8261,24.983333269755047,128.58333333333334
Myrtaceae,Eugenia oerstediana,-85.3666667,12.825,23.90833330154419,148.91666666666666
Myrtaceae,Eugenia oerstediana,-84.98333,13.78333,24.925000031789143,181.41666666666666
Myrtaceae,Eugenia oerstediana,-84.6,14.3,25.28333330154419,222.33333333333334
Myrtaceae,Eugenia oerstediana,-83.65027,9.90638,23.291666666666668,276.9166666666667
Myrtaceae,Eugenia oerstediana,-89.42861,16.51333,23.641666571299236,240.5
Myrtaceae,Eugenia oerstediana,-89.42638,16.49611,23.68333339691162,243.33333333333334
Myrtaceae,Eugenia oerstediana,-77.48333,6.81666,25.18333339691162,259.3333333333333
Myrtaceae,Eugenia oerstediana,-89.24222,15.94888,25.90833314259847,281
Myrtaceae,Eugenia oerstediana,-89.29527,15.54416,26.84166653951009,230.41666666666666
Myrtaceae,Eugenia oerstediana,-83.65027,9.90638,23.291666666666668,276.9166666666667
Myrtaceae,Eugenia oerstediana,-84.6,14.3,25.28333330154419,222.33333333333334
Myrtaceae,Eugenia oerstediana,-84.98333,13.78333,24.925000031789143,181.41666666666666
